<?xml version="1.0" standalone="no"?>
<!DOCTYPE svg PUBLIC "-//W3C//DTD SVG 20010904//EN"
 "http://www.w3.org/TR/2001/REC-SVG-20010904/DTD/svg10.dtd">
<svg version="1.0" xmlns="http://www.w3.org/2000/svg"
 width="16.000000pt" height="16.000000pt" viewBox="0 0 16.000000 16.000000"
 preserveAspectRatio="xMidYMid meet">
<metadata>
Created by potrace 1.11, written by Peter Selinger 2001-2013
</metadata>
<g transform="translate(0.000000,16.000000) scale(0.001134,-0.001134)"
fill="#000000" stroke="none">
<path d="M9187 14093 c16 -42 55 -115 59 -111 5 5 -53 128 -61 128 -2 0 -1 -8
2 -17z"/>
<path d="M9260 14044 c-1 -6588 1 -14039 5 -14042 4 -4 10 149 8 205 -1 7 2
11 6 8 11 -6 62 105 55 117 -4 6 -3 9 2 5 12 -7 86 131 78 145 -4 6 -3 8 3 5
10 -6 89 139 87 160 -1 7 2 13 7 13 13 0 41 59 33 72 -5 7 -3 8 6 3 10 -6 12
-4 7 9 -4 9 -3 15 1 12 11 -7 54 82 46 95 -3 5 0 8 8 7 7 -2 12 5 11 15 0 10
2 16 5 12 3 -3 22 27 42 67 20 40 66 131 103 201 37 70 65 133 61 139 -5 7 -2
8 6 3 10 -6 12 -4 6 11 -4 10 -4 15 0 11 9 -8 45 49 47 74 1 10 4 16 8 13 4
-2 12 10 20 27 7 17 34 72 61 123 27 50 50 99 51 108 0 9 4 15 8 12 4 -2 10 4
13 14 4 10 33 69 66 131 33 62 57 118 53 124 -4 6 -1 7 7 2 10 -6 12 -4 7 9
-4 9 -3 15 1 12 9 -5 88 143 86 161 -1 7 3 10 9 6 6 -4 8 0 4 11 -4 9 -3 15 1
12 7 -4 74 122 75 141 0 4 7 13 15 19 9 7 12 16 7 24 -6 9 -4 11 5 5 10 -6 12
-4 7 8 -3 10 -3 17 2 17 13 0 131 236 123 245 -4 5 -2 6 3 2 6 -3 24 22 40 56
16 34 42 84 58 110 15 27 25 52 22 57 -3 4 2 11 11 14 9 4 14 13 10 22 -3 8
-2 13 3 10 5 -3 18 16 30 42 11 26 41 85 66 131 24 46 42 88 38 94 -3 5 -2 7
4 4 13 -8 36 41 27 55 -4 6 -3 8 3 5 12 -8 56 81 47 95 -4 6 -3 8 3 5 6 -4 38
48 73 116 34 67 67 127 72 134 5 7 6 18 2 25 -4 7 -4 10 1 6 11 -10 37 41 28
56 -3 6 -2 8 2 3 8 -6 71 104 77 135 2 7 11 21 21 32 10 11 15 27 12 35 -3 9
-3 12 1 8 10 -9 46 62 38 75 -4 6 -3 8 3 5 13 -8 36 41 27 55 -4 6 -3 9 2 5
12 -7 96 151 88 165 -5 7 -2 8 6 3 10 -6 12 -4 6 11 -4 10 -4 15 0 11 9 -8 76
112 69 123 -3 5 2 11 11 14 10 4 14 12 10 23 -4 10 -4 14 0 10 9 -9 94 155 86
168 -3 5 -1 7 3 2 11 -10 67 101 59 115 -4 6 -3 8 2 5 9 -5 34 38 33 57 0 5 4
12 9 15 17 10 92 163 85 174 -3 5 -2 7 4 4 12 -7 46 60 37 74 -3 5 0 8 8 7 7
-2 13 4 13 12 0 8 6 20 14 26 8 6 11 16 7 22 -4 7 -3 12 3 12 13 0 42 60 34
73 -3 5 -2 7 3 4 9 -5 29 29 36 58 1 6 10 19 20 30 10 10 17 24 15 30 -2 5 2
15 10 20 8 6 15 20 16 32 0 12 4 20 8 18 10 -7 30 45 23 58 -4 7 -3 8 1 4 5
-4 16 7 25 25 9 18 31 60 48 92 17 33 28 64 25 69 -4 6 -1 7 7 2 10 -6 12 -4
6 11 -4 10 -4 15 0 11 9 -9 104 175 96 187 -3 5 -1 6 5 3 13 -8 36 41 27 55
-4 6 -3 8 3 5 13 -8 36 41 27 55 -4 6 -3 8 3 5 12 -8 56 81 47 95 -4 6 -2 8 4
4 13 -8 44 52 35 68 -3 6 -2 8 2 3 11 -10 88 141 79 155 -4 6 -3 8 3 5 13 -8
44 53 36 68 -4 5 -3 7 2 3 8 -8 98 156 98 179 0 7 4 10 8 8 10 -7 20 25 12 38
-3 7 -3 9 2 5 11 -10 57 80 49 95 -4 7 -4 9 1 5 10 -10 48 50 40 63 -4 5 -2 9
4 9 10 0 27 39 23 53 -1 5 2 6 7 3 11 -7 23 22 14 36 -3 6 -2 8 4 5 5 -3 16
10 23 29 23 58 35 60 59 9 12 -25 23 -45 26 -45 6 0 -9 39 -31 76 -17 30 -17
33 0 59 10 15 15 29 13 32 -3 2 -10 -5 -17 -16 -13 -25 -30 -28 -30 -5 0 9 -5
12 -12 8 -6 -4 -8 -3 -5 3 8 13 -128 284 -138 275 -5 -4 -5 -2 -2 5 10 16 -3
44 -16 36 -6 -3 -7 -1 -3 5 8 14 -28 84 -39 74 -5 -4 -5 -2 -2 5 10 16 -3 44
-16 36 -5 -3 -7 -1 -4 5 10 15 -3 43 -16 35 -5 -3 -7 -1 -3 5 7 12 -37 105
-46 96 -3 -3 -5 1 -5 8 3 23 -45 118 -56 111 -5 -3 -7 -1 -3 5 8 14 -87 205
-98 195 -5 -4 -6 -3 -2 4 8 15 -45 124 -57 116 -6 -3 -7 -1 -3 5 7 11 -97 232
-115 243 -6 3 -9 8 -7 11 5 8 -74 168 -83 168 -5 0 -6 6 -3 13 2 7 -4 22 -15
34 -11 11 -18 23 -15 25 7 7 -22 58 -29 53 -4 -3 -5 -2 -3 1 8 11 -16 64 -27
57 -5 -3 -7 -1 -4 5 10 15 -3 43 -16 35 -5 -3 -7 -2 -4 4 8 13 -118 264 -128
255 -5 -4 -5 -2 -2 4 8 14 -77 186 -88 176 -5 -4 -5 -2 -2 4 7 12 -66 167 -75
158 -3 -3 -5 1 -5 8 3 23 -45 118 -56 111 -5 -3 -7 -1 -3 5 6 11 -70 172 -88
184 -6 4 -8 8 -4 8 10 0 -121 264 -133 268 -5 2 -7 8 -3 13 3 5 0 9 -6 9 -6 0
-9 4 -6 9 7 11 -34 91 -46 91 -5 0 -6 4 -3 10 8 13 -19 52 -29 43 -4 -4 -5 -1
-2 7 6 16 -67 174 -75 165 -3 -3 -6 1 -6 7 0 23 -84 189 -93 183 -4 -3 -6 5
-2 17 4 16 2 19 -8 13 -8 -5 -11 -4 -6 3 9 14 -14 63 -27 55 -6 -3 -7 -2 -4 4
9 14 -77 185 -88 176 -4 -5 -5 -3 -2 4 9 15 -37 106 -48 96 -4 -5 -5 -3 -1 4
9 16 -14 64 -27 56 -6 -3 -7 -1 -3 5 8 14 -38 104 -49 95 -4 -5 -5 -3 -1 4 8
15 -57 146 -69 136 -4 -5 -5 -3 -2 4 6 9 -145 329 -162 343 -3 3 -6 10 -6 15
-1 12 -174 358 -183 365 -4 3 -8 12 -10 20 -4 24 -36 80 -45 80 -4 0 -6 4 -3
9 7 11 -19 63 -26 55 -4 -3 -5 3 -4 13 0 10 -4 17 -11 16 -7 -2 -10 3 -8 10 6
16 -170 368 -180 359 -5 -4 -5 -2 -2 4 8 14 -48 126 -58 116 -5 -4 -5 -2 -2 4
8 14 -47 127 -57 117 -4 -5 -7 -3 -6 2 5 25 -1 46 -12 39 -6 -4 -8 -3 -5 3 9
15 -66 166 -77 156 -5 -4 -6 -3 -2 4 4 7 -12 47 -35 90 -22 43 -41 80 -41 83
-2 17 -12 29 -21 23 -6 -3 -7 -1 -3 5 4 6 1 22 -6 34 -7 13 -13 25 -13 28 -4
18 -29 59 -34 56 -3 -2 -7 7 -8 21 0 14 -5 28 -10 32 -5 3 -15 21 -22 38 -7
18 -18 30 -24 26 -6 -3 -7 -1 -3 5 7 12 -61 162 -74 162 -4 0 -7 6 -7 13 0 19
-140 300 -145 290 -3 -4 -3 -3 -2 4 4 18 -22 64 -31 55 -5 -4 -5 -2 -1 5 8 14
-14 64 -25 57 -5 -3 -6 3 -2 12 5 13 3 15 -7 9 -8 -5 -11 -4 -6 3 9 14 -14 63
-27 55 -6 -3 -7 -1 -4 4 7 11 -17 66 -25 58 -2 -3 -5 39 -7 93 -3 112 -11 139
-11 36z"/>
<path d="M4986 13972 c1 -97 -3 -125 -19 -164 -12 -27 -24 -48 -29 -48 -4 0
-8 -8 -8 -18 0 -10 -6 -24 -12 -30 -7 -7 -13 -16 -14 -20 -2 -15 -19 -48 -31
-60 -7 -8 -11 -18 -8 -23 4 -5 2 -9 -3 -9 -9 0 -25 -37 -23 -52 1 -5 -3 -8 -8
-8 -4 0 -19 -25 -32 -55 -13 -30 -27 -55 -31 -55 -5 0 -8 -9 -8 -20 0 -11 -6
-23 -13 -26 -8 -3 -14 -11 -14 -17 0 -7 -16 -41 -36 -75 -20 -34 -37 -66 -38
-70 -1 -4 -11 -25 -22 -47 -12 -22 -20 -43 -19 -47 1 -5 -2 -8 -7 -8 -5 0 -12
-14 -16 -30 -4 -17 -10 -28 -14 -25 -5 2 -14 -14 -21 -35 -7 -22 -17 -40 -22
-40 -4 0 -8 -7 -8 -16 0 -9 -8 -28 -18 -42 -19 -27 -29 -50 -30 -66 0 -5 -4
-12 -9 -15 -5 -3 -22 -33 -38 -66 -17 -33 -34 -63 -38 -66 -5 -4 -10 -18 -10
-32 -1 -14 -5 -23 -9 -21 -3 2 -25 -35 -49 -83 -23 -49 -46 -90 -51 -91 -4 -2
-6 -8 -2 -13 3 -5 0 -9 -6 -9 -6 0 -8 -4 -5 -10 3 -5 3 -10 -2 -10 -4 0 -19
-25 -33 -55 -14 -30 -28 -55 -33 -55 -4 0 -6 -3 -5 -7 2 -8 -23 -64 -32 -73
-9 -9 -50 -92 -50 -101 0 -6 -9 -19 -20 -31 -10 -12 -17 -25 -14 -29 2 -4 0
-10 -6 -14 -6 -4 -8 -11 -5 -16 4 -5 2 -9 -3 -9 -9 0 -37 -50 -34 -62 1 -5 -3
-8 -9 -8 -5 0 -7 -4 -4 -10 3 -5 1 -10 -5 -10 -6 0 -8 -4 -5 -10 3 -5 3 -10
-2 -10 -9 0 -39 -61 -35 -72 1 -5 -2 -8 -8 -8 -5 0 -10 -6 -10 -14 0 -8 -6
-21 -12 -28 -13 -13 -43 -74 -47 -93 -1 -5 -9 -18 -18 -27 -8 -10 -13 -24 -9
-33 3 -9 2 -13 -3 -10 -6 3 -26 -28 -47 -70 -20 -41 -42 -75 -47 -75 -6 0 -8
-3 -4 -6 3 -4 0 -19 -9 -35 -8 -16 -14 -31 -14 -35 1 -3 -7 -12 -17 -19 -10
-7 -15 -17 -11 -21 4 -4 0 -13 -10 -21 -11 -10 -12 -12 -2 -8 9 4 7 0 -4 -9
-10 -8 -15 -20 -10 -27 4 -8 3 -10 -4 -5 -8 5 -12 0 -12 -13 0 -12 -5 -21 -12
-21 -6 0 -9 -3 -5 -6 3 -4 -1 -13 -9 -21 -8 -8 -12 -19 -9 -24 4 -5 2 -9 -2
-9 -5 0 -19 -24 -33 -52 -13 -29 -32 -65 -42 -79 -9 -14 -15 -29 -11 -33 3 -3
1 -6 -6 -6 -7 0 -9 -4 -6 -10 3 -5 1 -10 -5 -10 -6 0 -8 -4 -5 -10 3 -5 1 -10
-6 -10 -7 0 -10 -3 -6 -6 3 -4 -1 -13 -9 -21 -8 -8 -12 -19 -9 -24 4 -5 1 -9
-5 -9 -6 0 -8 -4 -5 -10 3 -5 2 -10 -4 -10 -6 0 -13 -11 -17 -25 -3 -14 -11
-25 -16 -25 -6 0 -8 -7 -4 -15 3 -8 1 -15 -4 -15 -6 0 -10 -6 -10 -14 0 -8 -3
-16 -7 -18 -10 -4 -58 -101 -55 -110 1 -5 -3 -8 -9 -8 -5 0 -7 -4 -4 -10 3 -5
2 -10 -4 -10 -5 0 -13 -10 -16 -22 -4 -11 -20 -43 -36 -70 -16 -27 -26 -54
-23 -60 4 -7 2 -8 -4 -4 -11 6 -16 -6 -13 -26 0 -5 -4 -8 -10 -8 -5 0 -7 -4
-4 -10 3 -5 1 -10 -4 -10 -6 0 -11 -4 -11 -9 0 -4 -18 -40 -39 -80 -22 -39
-34 -69 -28 -65 7 3 5 0 -3 -8 -18 -16 -64 -98 -55 -98 4 0 -1 -7 -9 -16 -9
-8 -14 -20 -11 -25 4 -5 2 -9 -3 -9 -5 0 -19 -24 -33 -52 -13 -29 -32 -62 -41
-72 -10 -11 -18 -27 -18 -36 0 -9 -5 -21 -12 -28 -7 -7 -8 -12 -2 -12 5 0 4
-4 -2 -8 -18 -12 -94 -164 -87 -175 3 -6 1 -7 -5 -3 -11 6 -14 1 -11 -20 0 -3
-8 -12 -18 -20 -10 -7 -14 -14 -9 -14 5 0 3 -7 -4 -15 -7 -8 -9 -15 -4 -15 4
0 1 -6 -8 -12 -9 -7 -18 -22 -20 -33 -2 -10 -11 -27 -21 -37 -10 -10 -15 -23
-12 -28 4 -6 1 -10 -5 -10 -6 0 -9 -4 -6 -9 4 -5 3 -11 -1 -13 -16 -7 -44 -68
-37 -81 4 -6 4 -9 -1 -5 -9 9 -34 -21 -35 -41 0 -8 -7 -22 -16 -32 -8 -9 -16
-26 -17 -37 0 -11 -4 -19 -7 -17 -8 5 -96 -176 -92 -189 2 -6 0 -7 -4 -3 -10
10 -46 -62 -37 -76 3 -5 1 -7 -5 -3 -6 3 -13 -2 -16 -12 -4 -10 -28 -60 -56
-112 -27 -51 -47 -97 -43 -103 3 -6 1 -7 -5 -3 -10 6 -26 -24 -27 -49 0 -6
-10 -21 -22 -34 -12 -13 -20 -28 -17 -33 3 -4 0 -8 -6 -8 -7 0 -9 -7 -6 -16 3
-8 2 -13 -3 -10 -8 5 -25 -29 -22 -46 1 -5 -4 -8 -10 -8 -6 0 -8 -7 -5 -16 3
-8 2 -13 -3 -10 -11 7 -23 -22 -14 -36 3 -6 1 -8 -4 -5 -10 6 -40 -50 -35 -65
1 -5 -2 -8 -6 -8 -5 0 -33 -48 -63 -107 -30 -60 -58 -111 -64 -115 -5 -4 -7
-8 -2 -8 4 0 -4 -18 -18 -40 -14 -22 -22 -40 -18 -40 5 0 4 -4 -2 -8 -18 -13
-36 -53 -29 -64 4 -6 3 -8 -3 -5 -6 4 -16 -8 -24 -26 -7 -17 -21 -44 -31 -59
-11 -16 -16 -32 -13 -38 3 -5 2 -10 -4 -10 -10 0 -98 -170 -94 -182 2 -5 -2
-8 -8 -8 -6 0 -8 -7 -5 -16 3 -8 2 -13 -3 -9 -12 7 -43 -54 -34 -69 3 -6 2 -8
-2 -3 -9 7 -57 -77 -58 -100 0 -7 -3 -13 -7 -13 -11 0 -31 -51 -24 -62 4 -6 3
-8 -3 -5 -5 3 -39 -51 -74 -121 -35 -70 -68 -130 -73 -133 -5 -4 -5 -13 -1
-20 5 -8 5 -11 0 -7 -11 10 -37 -41 -28 -55 3 -5 1 -7 -4 -4 -12 7 -26 -20
-18 -33 3 -5 -2 -7 -11 -6 -8 1 -24 22 -35 46 -11 23 -21 41 -24 38 -3 -2 6
-28 20 -56 l25 -52 -25 -50 c-14 -28 -23 -50 -20 -50 2 0 15 21 28 47 l24 47
45 -92 c24 -51 48 -89 53 -85 4 5 5 3 2 -3 -8 -14 68 -165 78 -156 5 4 5 2 2
-5 -9 -15 37 -106 48 -96 4 5 5 3 2 -4 -9 -15 2 -45 14 -37 5 3 6 -3 2 -12 -5
-13 -3 -15 7 -9 8 5 11 4 7 -3 -10 -15 3 -43 16 -35 6 3 7 1 3 -5 -4 -6 -1
-22 6 -34 7 -13 11 -26 10 -30 -1 -3 5 -12 13 -18 8 -7 15 -19 15 -27 0 -8 5
-11 12 -7 6 4 8 3 5 -4 -10 -15 3 -43 16 -35 5 3 7 1 3 -5 -8 -13 97 -225 107
-215 5 4 5 -1 1 -11 -5 -13 -4 -17 4 -12 7 4 10 2 6 -7 -6 -17 40 -100 50 -90
4 4 5 1 2 -7 -7 -19 258 -552 269 -542 5 4 5 2 2 -4 -9 -15 67 -167 78 -157 4
4 5 2 1 -5 -4 -7 -1 -24 8 -37 9 -13 16 -31 16 -40 0 -8 4 -15 8 -15 5 0 14
-16 22 -35 7 -19 18 -31 23 -28 6 3 7 1 3 -5 -9 -14 35 -103 47 -95 6 3 7 1 3
-5 -3 -5 25 -74 64 -151 38 -78 70 -146 70 -151 0 -6 5 -10 10 -10 6 0 10 -5
10 -12 0 -14 102 -221 113 -229 5 -3 9 -10 9 -15 0 -5 4 -8 10 -6 5 1 7 -2 3
-8 -8 -13 170 -372 180 -362 5 4 5 2 2 -5 -10 -16 3 -44 16 -36 6 3 7 1 3 -6
-4 -6 -1 -23 8 -36 9 -13 16 -31 16 -39 0 -8 3 -16 8 -18 9 -4 72 -129 72
-145 0 -6 4 -13 8 -15 9 -3 52 -93 52 -108 0 -5 4 -10 8 -10 5 0 19 -26 32
-57 13 -32 31 -69 40 -83 18 -27 31 -56 36 -79 1 -8 6 -17 11 -20 11 -8 47
-84 45 -93 -1 -5 3 -8 9 -8 6 0 9 -7 5 -15 -3 -8 -2 -15 3 -15 4 0 19 -25 32
-55 13 -30 27 -55 31 -55 5 0 8 -6 8 -12 0 -17 62 -142 72 -146 4 -2 8 -9 8
-15 0 -7 20 -52 45 -100 24 -48 41 -87 37 -87 -4 0 -2 -4 4 -8 5 -4 18 -25 28
-47 10 -22 24 -47 31 -55 7 -8 15 -27 19 -42 3 -15 13 -34 22 -42 8 -9 12 -16
9 -16 -4 0 0 -11 9 -25 9 -13 16 -31 16 -40 0 -8 4 -15 10 -15 5 0 15 -18 21
-40 7 -21 16 -37 20 -34 5 3 9 -6 9 -20 0 -14 5 -26 10 -26 6 0 10 -9 10 -19
0 -11 3 -21 8 -23 9 -4 72 -132 72 -146 0 -6 3 -12 8 -14 7 -3 38 -65 63 -125
8 -18 17 -33 21 -33 5 0 8 -8 8 -19 0 -10 7 -24 15 -31 8 -7 12 -16 9 -21 -3
-5 0 -9 5 -9 6 0 11 -9 11 -19 0 -11 5 -21 10 -23 6 -2 12 -13 13 -26 0 -12 4
-22 8 -22 8 0 19 -28 18 -44 0 -5 6 -13 15 -18 9 -5 16 -18 16 -28 0 -10 5
-22 10 -25 6 -4 8 -10 5 -15 -3 -4 2 -10 10 -14 8 -3 15 -12 15 -20 0 -8 14
-40 31 -70 16 -31 27 -56 24 -56 -4 0 1 -7 9 -16 9 -8 16 -21 16 -28 0 -7 14
-34 30 -60 17 -26 26 -45 20 -41 -6 3 2 -15 18 -42 16 -26 39 -72 52 -100 13
-29 28 -53 33 -53 6 0 7 -3 4 -6 -3 -4 -1 -16 5 -28 7 -11 11 -25 10 -30 -2
-5 4 -6 13 -2 10 3 14 2 10 -5 -10 -15 4 -61 15 -54 6 3 10 -2 10 -12 0 -10 7
-27 15 -37 8 -10 12 -23 9 -27 -3 -5 0 -9 6 -9 6 0 9 -4 6 -9 -3 -5 1 -14 9
-21 8 -7 15 -21 15 -31 0 -11 5 -19 12 -19 6 0 8 -3 5 -6 -3 -4 2 -18 13 -32
11 -13 17 -28 14 -33 -3 -5 0 -9 6 -9 6 0 9 -4 5 -9 -3 -6 0 -13 7 -18 7 -4
13 -12 14 -18 2 -20 29 -75 37 -75 4 0 5 -5 2 -10 -3 -6 0 -13 9 -16 8 -3 12
-12 9 -20 -3 -8 0 -14 7 -14 6 0 8 -4 5 -10 -3 -5 -1 -10 4 -10 6 0 10 -3 10
-8 -3 -13 25 -72 34 -72 4 0 6 -4 2 -9 -3 -5 2 -16 10 -24 8 -9 15 -22 15 -30
0 -9 5 -17 10 -19 6 -2 12 -14 15 -27 2 -13 11 -31 20 -41 8 -9 12 -20 8 -23
-3 -4 -1 -7 5 -7 7 0 11 -3 10 -8 -4 -17 47 -112 61 -113 10 0 11 -2 4 -5 -14
-6 3 -54 19 -54 5 0 6 -4 3 -10 -3 -5 -1 -10 4 -10 6 0 10 -3 9 -7 -4 -15 13
-53 23 -53 6 0 8 -4 4 -9 -3 -5 2 -16 10 -24 8 -9 15 -23 15 -31 0 -9 5 -16
11 -16 5 0 8 -4 4 -9 -3 -5 2 -16 10 -25 8 -8 15 -19 14 -23 -1 -4 0 -12 1
-18 1 -5 1 -27 0 -47 -1 -21 3 -38 8 -38 5 0 7 12 5 28 -4 26 -4 26 11 8 9
-11 16 -24 16 -30 0 -5 3 -7 6 -4 3 4 -3 21 -12 40 -17 32 -18 239 -15 4828 2
2637 4 5736 5 6885 l3 2090 27 48 c14 26 22 47 16 47 -5 0 -10 -7 -10 -15 0
-8 -4 -15 -10 -15 -5 0 -10 -10 -10 -22 0 -12 -3 -18 -6 -15 -4 4 -6 51 -6
106 1 55 -2 102 -6 105 -4 2 -7 -48 -6 -112z"/>
<path d="M5090 14050 c-8 -5 -12 -10 -8 -10 4 0 -1 -16 -12 -35 -11 -19 -16
-35 -12 -35 4 0 18 20 30 45 12 25 21 45 19 45 -1 0 -9 -5 -17 -10z"/>
<path d="M12805 6999 c-4 -6 -5 -12 -2 -15 2 -3 7 2 10 11 7 17 1 20 -8 4z"/>
<path d="M9211 94 c-17 -31 -33 -66 -36 -78 -3 -11 12 12 34 53 22 41 39 76
37 79 -2 2 -18 -22 -35 -54z"/>
</g>
</svg>
