<?xml version="1.0" standalone="no"?>
<!DOCTYPE svg PUBLIC "-//W3C//DTD SVG 20010904//EN"
 "http://www.w3.org/TR/2001/REC-SVG-20010904/DTD/svg10.dtd">
<svg version="1.0" xmlns="http://www.w3.org/2000/svg"
 width="16.000000pt" height="16.000000pt" viewBox="0 0 16.000000 16.000000"
 preserveAspectRatio="xMidYMid meet">
<metadata>
Created by potrace 1.11, written by Peter Selinger 2001-2013
</metadata>
<g transform="translate(0.000000,16.000000) scale(0.000759,-0.000759)"
fill="#000000" stroke="none">
<path d="M11845 20869 c-2114 -61 -4171 -774 -5865 -2032 -661 -491 -1276
-1075 -1815 -1722 -133 -160 -424 -545 -541 -715 -1114 -1623 -1727 -3442
-1825 -5410 -15 -296 -6 -961 15 -1240 143 -1822 710 -3479 1701 -4975 1139
-1717 2764 -3059 4655 -3842 932 -386 1945 -643 2935 -743 444 -45 1147 -63
1568 -41 955 52 1836 216 2722 508 1306 430 2482 1094 3525 1988 154 131 480
433 480 443 0 10 -72 85 -494 516 -193 197 -376 384 -406 416 -30 32 -219 226
-420 431 -201 205 -385 394 -410 419 -928 951 -1087 1113 -1382 1415 -124 127
-254 259 -288 295 -34 36 -219 225 -410 420 -191 195 -374 383 -406 416 -32
34 -221 228 -420 430 -199 203 -388 397 -420 430 -32 34 -208 214 -391 400
-182 187 -368 377 -413 424 -46 47 -171 175 -279 285 -257 263 -921 943 -991
1015 -81 84 -116 124 -104 117 7 -4 135 54 285 129 151 75 267 134 259 131 -8
-3 -125 -53 -259 -111 -133 -58 -255 -109 -270 -113 -24 -6 -25 -5 -11 13 8
10 21 26 30 35 8 9 47 51 85 95 39 43 93 103 120 134 28 31 84 94 125 140 41
47 93 105 116 130 22 25 56 62 75 84 19 21 43 48 54 60 11 13 49 55 85 96 79
88 74 84 130 145 25 28 77 86 115 129 39 43 81 90 94 105 13 14 49 55 80 90
31 35 71 80 89 99 18 20 56 63 85 96 29 33 75 85 102 115 132 147 165 183 231
257 39 43 113 126 164 184 51 58 96 107 99 110 3 3 21 23 40 45 31 37 155 176
191 215 8 8 89 99 180 200 91 102 169 190 175 196 26 29 142 159 158 178 10
12 47 53 81 91 35 39 101 113 147 165 46 52 86 97 89 100 6 6 153 170 260 290
41 46 84 94 95 106 11 11 49 54 84 95 36 41 69 79 75 84 6 6 58 64 116 130 58
66 114 129 125 140 11 11 52 56 90 100 39 44 79 89 90 101 11 12 45 49 75 84
30 34 60 68 66 74 12 13 80 90 179 200 39 44 75 84 80 90 6 6 28 32 50 57 22
24 78 87 125 139 92 101 129 143 157 176 10 11 52 58 93 104 41 46 85 95 98
109 13 14 33 37 46 51 20 22 70 79 157 177 43 48 243 271 284 317 6 6 82 92
170 191 88 99 178 200 201 225 23 25 57 63 75 84 19 22 43 49 54 61 25 26 58
63 215 240 69 77 127 142 130 145 3 3 37 41 75 84 39 44 77 87 85 96 54 60
100 111 205 230 66 74 127 141 135 150 8 9 44 49 80 90 36 40 85 96 110 123
25 27 45 54 45 58 0 5 -56 56 -125 115 -1396 1194 -3077 1997 -4878 2328 -527
97 -1011 148 -1582 166 -162 5 -308 9 -325 8 -16 -1 -142 -5 -280 -9z"/>
</g>
</svg>
